--[[
    KuKi Hub | Ture V2 - Part 1
    Foundation + Info + Status Tabs
    Library: KuKi Hub UI
]]

local library = loadstring(game:HttpGet("https://raw.githubusercontent.com/erenxkuki/KuKi-Hub/refs/heads/main/KuKi-Hub-Zen-UI.lua"))()
local Window = library:Make()

-- ========================================
-- SERVICES
-- ========================================
local Services = setmetatable({}, {__index = function(_,s) local svc = game:GetService(s); rawset(_,s,svc); return svc end})
local HttpService = Services.HttpService
local Players = Services.Players
local ReplicatedStorage = Services.ReplicatedStorage
local TweenService = Services.TweenService
local RunService = Services.RunService
local TeleportService = Services.TeleportService
local Lighting = Services.Lighting
local CollectionService = Services.CollectionService
local VirtualInputManager = Services.VirtualInputManager
local VirtualUser = Services.VirtualUser
local Workspace = Services.Workspace
local StarterGui = Services.StarterGui

local plr = Players.LocalPlayer
local commE = ReplicatedStorage:WaitForChild("Remotes"):WaitForChild("CommE")
local commF = ReplicatedStorage:WaitForChild("Remotes"):WaitForChild("CommF_")

-- ========================================
-- SAVE/LOAD SYSTEM
-- ========================================
local FolderName = "KuKi Hub"
local FileName = "Settings.json"
if makefolder and not isfolder(FolderName) then makefolder(FolderName) end
_G.SaveData = _G.SaveData or {}
function SaveSettings()
    if not writefile then return end
    pcall(function() writefile(FolderName .. "/" .. FileName, HttpService:JSONEncode(_G.SaveData)) end)
end
function LoadSettings()
    if not isfile or not isfile(FolderName .. "/" .. FileName) then return end
    pcall(function()
        local data = HttpService:JSONDecode(readfile(FolderName .. "/" .. FileName))
        if data then _G.SaveData = data end
    end)
end
LoadSettings()
function GetSetting(name, default)
    return _G.SaveData[name] ~= nil and _G.SaveData[name] or default
end

-- ========================================
-- WORLD DETECTION
-- ========================================
local placeId = game.PlaceId
local World1 = (placeId == 2753915549 or placeId == 85211729168715)
local World2 = (placeId == 4442272183 or placeId == 79091703265657)
local World3 = (placeId == 7449423635 or placeId == 100117331123089)
local Sea = World1 and "First Sea" or World2 and "Second Sea" or World3 and "Third Sea" or "Unknown"

-- ========================================
-- GLOBAL SETTINGS
-- ========================================
_G.AutoKen = GetSetting("AutoKen", true)
_G.AntiAFK = GetSetting("AntiAFK", true)
_G.FullBright = GetSetting("FullBright", false)

-- ========================================
-- TWEEN PART
-- ========================================
getgenv().TweenSpeedFar = GetSetting("TweenSpeedFar", 300)
getgenv().TweenSpeedNear = GetSetting("TweenSpeedNear", 900)
local TweenPart = Instance.new("Part", Workspace)
TweenPart.Name = "KuKiTween"
TweenPart.Size = Vector3.new(1, 1, 1)
TweenPart.Anchored = true
TweenPart.CanCollide = false
TweenPart.Transparency = 1

function _tp(cf)
    local hrp = plr.Character and plr.Character:FindFirstChild("HumanoidRootPart")
    if not hrp then return end
    local d = (cf.Position - hrp.Position).Magnitude
    local s = d <= 90 and getgenv().TweenSpeedNear or getgenv().TweenSpeedFar
    local tw = TweenService:Create(TweenPart, TweenInfo.new(d/s, Enum.EasingStyle.Linear), {CFrame = cf})
    tw:Play()
    tw.Completed:Wait()
end

function notween(cf)
    if plr.Character and plr.Character:FindFirstChild("HumanoidRootPart") then
        plr.Character.HumanoidRootPart.CFrame = cf
    end
end

function GetHRP()
    return plr.Character and plr.Character:FindFirstChild("HumanoidRootPart")
end

function GetLevel()
    return plr.Data and plr.Data.Level and plr.Data.Level.Value or 0
end

function GetFragments()
    return plr.Data and plr.Data.Fragments and plr.Data.Fragments.Value or 0
end

function GetBeli()
    return plr.Data and plr.Data.Beli and plr.Data.Beli.Value or 0
end

function GetRace()
    return plr.Data and plr.Data.Race and plr.Data.Race.Value or "None"
end

function GetTeam()
    return plr.Team and plr.Team.Name or "None"
end

function Hop()
    pcall(function()
        local Http = game:GetService("HttpService")
        local TPS = game:GetService("TeleportService")
        local s = Http:JSONDecode(game:HttpGet("https://games.roblox.com/v1/games/"..game.PlaceId.."/servers/Public?sortOrder=Asc&limit=100"))
        if s.data then
            for _, v in ipairs(s.data) do
                if v.playing < v.maxPlayers and v.id ~= game.JobId then
                    TPS:TeleportToPlaceInstance(game.PlaceId, v.id, plr)
                    break
                end
            end
        end
    end)
end

-- ========================================
-- AUTO KEN (OBSERVATION HAKI)
-- ========================================
task.spawn(function()
    while task.wait(0.2) do
        if _G.AutoKen then
            pcall(function()
                local char = plr.Character
                if char and not CollectionService:HasTag(char, "Ken") then
                    commE:FireServer("Ken", true)
                end
            end)
        end
    end
end)

-- ========================================
-- ANTI AFK
-- ========================================
plr.Idled:Connect(function()
    if _G.AntiAFK then
        VirtualUser:Button2Down(Vector2.new(0,0), Workspace.CurrentCamera.CFrame)
        task.wait(1)
        VirtualUser:Button2Up(Vector2.new(0,0), Workspace.CurrentCamera.CFrame)
    end
end)

-- ========================================
-- FULL BRIGHT
-- ========================================
local function ApplyFullBright(state)
    if state then
        Lighting.Ambient = Color3.new(1, 1, 1)
        Lighting.ColorShift_Bottom = Color3.new(1, 1, 1)
        Lighting.ColorShift_Top = Color3.new(1, 1, 1)
        Lighting.Brightness = 2
        Lighting.FogEnd = 1e10
    else
        Lighting.Ambient = Color3.new(0, 0, 0)
        Lighting.ColorShift_Bottom = Color3.new(0, 0, 0)
        Lighting.ColorShift_Top = Color3.new(0, 0, 0)
        Lighting.Brightness = 1
        Lighting.FogEnd = 10000
    end
end
ApplyFullBright(_G.FullBright)

-- ========================================
-- WAIT FOR LOAD
-- ========================================
repeat task.wait() until game:IsLoaded() and plr and plr.Character and plr.Character:FindFirstChild("HumanoidRootPart")

-- ========================================
-- TABS
-- ========================================
local Tab0 = Window:Tab("Info", 14477284625)
local Tab1 = Window:Tab("Status", 7040410130)
local Tab2 = Window:Tab("Farming", 10709769508)
local Tab3 = Window:Tab("Quests", 10734943448)
local Tab4 = Window:Tab("Settings", 10734950020)
local Tab5 = Window:Tab("Fishing", 127664059821666)
local Tab6 = Window:Tab("Sea Event", 10747376931)
local Tab7 = Window:Tab("Volcano", 10734897956)
local Tab8 = Window:Tab("Mirage", 10734920149)
local Tab9 = Window:Tab("Fruits", 10709790875)
local Tab10 = Window:Tab("Raid", 10723404337)
local Tab11 = Window:Tab("Teleport", 10734906975)
local Tab12 = Window:Tab("PvP", 10734975692)
local Tab13 = Window:Tab("ESP", 10723346959)
local Tab14 = Window:Tab("Shop", 10734952479)
local Tab15 = Window:Tab("Misc", 10734950309)

-- ========================================
-- TAB 0: INFO
-- ========================================
local InfoPage1 = Tab0:CraftPage(1)

InfoPage1:Label("KuKi Hub | Ture V2")
InfoPage1:Label("Premium Blox Fruits Script")
InfoPage1:Seperator("Player Information")

local playerInfoLabel = InfoPage1:Label("Loading...")
local statsInfoLabel = InfoPage1:Label("Loading...")

task.spawn(function()
    while task.wait(1) do
        pcall(function()
            playerInfoLabel:Set("Name: " .. plr.Name .. "\nDisplay: " .. plr.DisplayName .. "\nUser ID: " .. plr.UserId)
            statsInfoLabel:Set(string.format("Level: %d\nBeli: %s\nFragments: %s\nRace: %s\nTeam: %s",
                GetLevel(),
                tostring(GetBeli()):reverse():gsub("(%d%d%d)","%1,"):reverse():gsub("^,",""),
                tostring(GetFragments()):reverse():gsub("(%d%d%d)","%1,"):reverse():gsub("^,",""),
                GetRace(),
                GetTeam()))
        end)
    end
end)

InfoPage1:Seperator("Script Info")
InfoPage1:Label("Current Sea: " .. Sea)
InfoPage1:Label("Version: 2.0.0")
InfoPage1:Label("Created: 2026")

InfoPage1:Button("Copy Discord Invite", function()
    setclipboard("https://discord.gg/kuKihub")
end)

-- ========================================
-- TAB 1: STATUS
-- ========================================
local StatusPage1 = Tab1:CraftPage(1)
local StatusPage2 = Tab1:CraftPage(2)

StatusPage1:Seperator("Time & Date")
local timeLabel = StatusPage1:Label("Loading...")
local gameTimeLabel = StatusPage1:Label("Loading...")

task.spawn(function()
    while task.wait(0.5) do
        local date = os.date("*t")
        local ampm = date.hour >= 12 and "PM" or "AM"
        local hour12 = date.hour % 12; if hour12 == 0 then hour12 = 12 end
        timeLabel:Set(string.format("%02d:%02d:%02d %s - %02d/%02d/%04d", hour12, date.min, date.sec, ampm, date.day, date.month, date.year))
        pcall(function()
            local gt = math.floor(Workspace.DistributedGameTime + 0.5)
            gameTimeLabel:Set(string.format("%02d:%02d:%02d", math.floor(gt/3600)%24, math.floor(gt/60)%60, gt%60))
        end)
    end
end)

StatusPage1:Seperator("Server Information")
local serverInfoLabel = StatusPage1:Label("Loading...")

task.spawn(function()
    while task.wait(2) do
        pcall(function()
            serverInfoLabel:Set(string.format("Place: %d\nJob: %s\nPlayers: %d/%d\nPing: %d ms",
                placeId, game.JobId:sub(1,8).."...", #Players:GetPlayers(), Players.MaxPlayers,
                math.floor(plr:GetNetworkPing()*1000)))
        end)
    end
end)

StatusPage1:Button("Copy Job ID", function() setclipboard(game.JobId) end)
StatusPage1:Button("Rejoin Server", function() TeleportService:Teleport(game.PlaceId, plr) end)
StatusPage1:Button("Hop Server", Hop)
StatusPage1:Button("Hop Low Players", Hop)

StatusPage1:Seperator("Island Status")
local mirageLabel = StatusPage1:Label("Mirage: Checking...")
local kitsuneLabel = StatusPage1:Label("Kitsune: Checking...")
local prehistoricLabel = StatusPage1:Label("Prehistoric: Checking...")
local frozenLabel = StatusPage1:Label("Frozen: Checking...")

task.spawn(function()
    while task.wait(2) do
        pcall(function()
            mirageLabel:Set("Mirage: " .. (Workspace._WorldOrigin.Locations:FindFirstChild("Mirage Island") and "✅" or "❌"))
            kitsuneLabel:Set("Kitsune: " .. ((Workspace.Map:FindFirstChild("KitsuneIsland") or Workspace._WorldOrigin.Locations:FindFirstChild("Kitsune Island")) and "✅" or "❌"))
            prehistoricLabel:Set("Prehistoric: " .. ((Workspace.Map:FindFirstChild("PrehistoricIsland") or Workspace._WorldOrigin.Locations:FindFirstChild("Prehistoric Island")) and "✅" or "❌"))
            frozenLabel:Set("Frozen: " .. (Workspace._WorldOrigin.Locations:FindFirstChild("Frozen Dimension") and "✅" or "❌"))
        end)
    end
end)

StatusPage2:Seperator("Moon Phase")
local moonLabel = StatusPage2:Label("Checking...")

task.spawn(function()
    while task.wait(2) do
        pcall(function()
            local moonId = World3 and Lighting.Sky and Lighting.Sky.MoonTextureId or (Lighting.FantasySky and Lighting.FantasySky.MoonTextureId) or ""
            local phase = "0/8"
            if moonId:find("9709139597") then phase = "1/8"
            elseif moonId:find("9709143733") then phase = "2/8"
            elseif moonId:find("9709149052") then phase = "3/8"
            elseif moonId:find("9709149431") then phase = "4/8 🌕"
            elseif moonId:find("9709149680") then phase = "5/8"
            elseif moonId:find("9709150086") then phase = "6/8"
            elseif moonId:find("9709150401") then phase = "7/8"
            end
            moonLabel:Set("Moon: " .. phase)
        end)
    end
end)

StatusPage2:Seperator("Boss Status")
local doughLabel = StatusPage2:Label("Dough King: Checking...")
local indraLabel = StatusPage2:Label("Rip Indra: Checking...")
local princeLabel = StatusPage2:Label("Cake Prince: Checking...")

task.spawn(function()
    while task.wait(3) do
        pcall(function()
            doughLabel:Set("Dough King: " .. ((ReplicatedStorage:FindFirstChild("Dough King") or Workspace.Enemies:FindFirstChild("Dough King")) and "✅" or "❌"))
            indraLabel:Set("Rip Indra: " .. ((ReplicatedStorage:FindFirstChild("rip_indra True Form") or Workspace.Enemies:FindFirstChild("rip_indra")) and "✅" or "❌"))
            princeLabel:Set("Cake Prince: " .. (Workspace.Enemies:FindFirstChild("Cake Prince") and "✅" or "❌"))
        end)
    end
end)

StatusPage2:Seperator("Elite Hunter")
local eliteLabel = StatusPage2:Label("Loading...")

task.spawn(function()
    while task.wait(3) do
        pcall(function()
            local progress = commF:InvokeServer("EliteHunter", "Progress")
            local hasElite = ReplicatedStorage:FindFirstChild("Diablo") or ReplicatedStorage:FindFirstChild("Deandre") or ReplicatedStorage:FindFirstChild("Urban") or Workspace.Enemies:FindFirstChild("Diablo") or Workspace.Enemies:FindFirstChild("Deandre") or Workspace.Enemies:FindFirstChild("Urban")
            eliteLabel:Set(string.format("Killed: %d/30 | %s", progress or 0, hasElite and "✅ Boss" or "❌ No Boss"))
        end)
    end
end)

StatusPage2:Seperator("Sea Events")
local sbLabel = StatusPage2:Label("Sea Beast: Checking...")
local tsLabel = StatusPage2:Label("Terror Shark: Checking...")

task.spawn(function()
    while task.wait(2) do
        pcall(function()
            sbLabel:Set("Sea Beast: " .. (Workspace.SeaBeasts:FindFirstChild("SeaBeast1") and "✅" or "❌"))
            tsLabel:Set("Terror Shark: " .. (Workspace.Enemies:FindFirstChild("Terrorshark") and "✅" or "❌"))
        end)
    end
end)

print("Part 1 Loaded: Foundation + Info + Status")

--[[
    KuKi Hub | Ture V2 - Part 2
    Farming Tab - Auto Farm, Quest System, Fast Attack
    Library: KuKi Hub UI
]]

-- ========================================
-- FAST ATTACK LOADER (Provided)
-- ========================================
task.spawn(function()
    local Players = game:GetService("Players")
    local LP = Players.LocalPlayer
    repeat task.wait() until game:IsLoaded()
    repeat task.wait() until LP and LP.Character
    local success, err = pcall(function()
        loadstring(game:HttpGet("https://raw.githubusercontent.com/erenxkuki/KuKi-Hub/refs/heads/main/KuKi-Hub-Fast-Attack.lua"))()
    end)
    if not success then
        warn("Fast Attack load failed:", err)
    end
end)

-- ========================================
-- FARMING TAB PAGES
-- ========================================
local FarmMain = Tab2:CraftPage(1)      -- Main Farm
local FarmSettings = Tab2:CraftPage(2)  -- Farm Settings
local FarmBoss = Tab2:CraftPage(3)      -- Boss Farm
local FarmMastery = Tab2:CraftPage(4)   -- Mastery Farm (World 3)

-- ========================================
-- GLOBAL FARM VARIABLES
-- ========================================
_G.ChooseWP = GetSetting("ChooseWP", "Melee")
_G.SelectWeapon = "Melee"
_G.SelectedFarmMode = GetSetting("SelectedFarmMode", "Level")
_G.StartFarm = false

_G.Level = false
_G.AutoFarm_Bone = false
_G.AutoFarm_Cake = false
_G.AutoMaterial = false
_G.AutoFarmNear = false

_G.AcceptQuest = GetSetting("AcceptQuest", false)
_G.MobHeight = GetSetting("MobHeight", 20)
_G.BringRange = GetSetting("BringRange", 235)
_G.MaxFarmDistance = GetSetting("MaxFarmDistance", 325)
_G.MaxBringMobs = GetSetting("MaxBringMobs", 3)

_G.AutoBoss = false
_G.FarmAllBoss = false
_G.FindBoss = Boss[1] or "The Gorilla King"

getgenv().SelectMaterial = MaterialList[1]
getgenv().AutoMaterial = false

_G.FarmMastery_Dev = false
_G.FarmMastery_G = false
_G.FarmMastery_S = false
_G.SelectedIsland = GetSetting("SelectedIsland", "Cake")

-- ========================================
-- HELPER FUNCTIONS FOR FARMING
-- ========================================
function G_Alive(mob)
    local hum = mob and mob:FindFirstChild("Humanoid")
    return hum and hum.Health > 0
end

function G_Kill(mob, enabled)
    if not mob or not enabled then return end
    local hrp = mob:FindFirstChild("HumanoidRootPart")
    if not hrp then return end
    EquipWeapon(_G.SelectWeapon)
    _tp(hrp.CFrame * CFrame.new(0, _G.MobHeight, 0))
    -- Space for CFrames attack positions can be added here
end

-- Bring Mobs System
local _B = false
local PosMon = nil

function BringEnemy()
    if not _B or not PosMon then return end
    pcall(function()
        sethiddenproperty(plr, "SimulationRadius", math.huge)
        local count = 0
        for _, mob in ipairs(Workspace.Enemies:GetChildren()) do
            if count >= _G.MaxBringMobs then break end
            local hum = mob:FindFirstChild("Humanoid")
            local root = mob:FindFirstChild("HumanoidRootPart")
            if hum and root and hum.Health > 0 then
                if not string.find(mob.Name:lower(), "raid") then
                    local dist = (root.Position - PosMon).Magnitude
                    if dist <= _G.BringRange and not root:GetAttribute("Tweening") then
                        count = count + 1
                        root:SetAttribute("Tweening", true)
                        local tween = TweenService:Create(root, TweenInfo.new(0.45, Enum.EasingStyle.Linear), {CFrame = CFrame.new(PosMon)})
                        tween:Play()
                        tween.Completed:Once(function() if root then root:SetAttribute("Tweening", false) end end)
                    end
                end
            end
        end
    end)
end

function FarmAtivo()
    return _G.StartFarm and (_G.Level or _G.AutoFarm_Bone or _G.AutoFarm_Cake or _G.AutoMaterial or _G.AutoFarmNear or _G.FarmMastery_Dev or _G.FarmMastery_G or _G.FarmMastery_S)
end

task.spawn(function()
    while task.wait(1) do
        if FarmAtivo() then
            _B = true
            BringEnemy()
            task.wait(3)
            _B = false
            task.wait(5)
        else
            _B = false
            task.wait(1)
        end
    end
end)

-- ========================================
-- QUEST SYSTEM (Level-Based)
-- ========================================
local questData = {
        -- World 1
    ["Bandit"] = { Name = "BanditQuest1", Level = 1, QuestPos = CFrame.new(1059.37195, 15.4495068, 1550.4231, 0.939700544, -0, -0.341998369, 0, 1, -0, 0.341998369, 0, 0.939700544), MobPos = CFrame.new(1045.962646484375, 27.00250816345215, 1560.8203125) },
    ["Monkey"] = { Name = "JungleQuest", Level = 1, QuestPos = CFrame.new(-1598.08911, 35.5501175, 153.377838, 0, 0, 1, 0, 1, -0, -1, 0, 0), MobPos = CFrame.new(-1448.51806640625, 67.85301208496094, 11.46579647064209) },
    ["Gorilla"] = { Name = "JungleQuest", Level = 2, QuestPos = CFrame.new(-1598.08911, 35.5501175, 153.377838, 0, 0, 1, 0, 1, -0, -1, 0, 0), MobPos = CFrame.new(-1129.8836669921875, 40.46354675292969, -525.4237060546875) },
    ["Pirate"] = { Name = "BuggyQuest1", Level = 1, QuestPos = CFrame.new(-1141.07483, 4.10001802, 3831.5498, 0.965929627, -0, -0.258804798, 0, 1, -0, 0.258804798, 0, 0.965929627), MobPos = CFrame.new(-1103.513427734375, 13.752052307128906, 3896.091064453125) },
    ["Brute"] = { Name = "BuggyQuest1", Level = 2, QuestPos = CFrame.new(-1141.07483, 4.10001802, 3831.5498, 0.965929627, -0, -0.258804798, 0, 1, -0, 0.258804798, 0, 0.965929627), MobPos = CFrame.new(-1140.083740234375, 14.809885025024414, 4322.92138671875) },
    ["Desert Bandit"] = { Name = "DesertQuest", Level = 1, QuestPos = CFrame.new(894.488647, 5.14000702, 4392.43359, 0.819155693, -0, -0.573571265, 0, 1, -0, 0.573571265, 0, 0.819155693), MobPos = CFrame.new(924.7998046875, 6.44867467880249, 4481.5859375) },
    ["Desert Officer"] = { Name = "DesertQuest", Level = 2, QuestPos = CFrame.new(894.488647, 5.14000702, 4392.43359, 0.819155693, -0, -0.573571265, 0, 1, -0, 0.573571265, 0, 0.819155693), MobPos = CFrame.new(1608.2822265625, 8.614224433898926, 4371.00732421875) },
    ["Snow Bandit"] = { Name = "SnowQuest", Level = 1, QuestPos = CFrame.new(1389.74451, 88.1519318, -1298.90796, -0.342042685, 0, 0.939684391, 0, 1, 0, -0.939684391, 0, -0.342042685), MobPos = CFrame.new(1354.347900390625, 87.27277374267578, -1393.946533203125) },
    ["Snowman"] = { Name = "SnowQuest", Level = 2, QuestPos = CFrame.new(1389.74451, 88.1519318, -1298.90796, -0.342042685, 0, 0.939684391, 0, 1, 0, -0.939684391, 0, -0.342042685), MobPos = CFrame.new(1201.6412353515625, 144.57958984375, -1550.0670166015625) },
    ["Chief Petty Officer"] = { Name = "MarineQuest2", Level = 1, QuestPos = CFrame.new(-5039.58643, 27.3500385, 4324.68018, 0, 0, -1, 0, 1, 0, 1, 0, 0), MobPos = CFrame.new(-4881.23095703125, 22.65204429626465, 4273.75244140625) },
    ["Sky Bandit"] = { Name = "SkyQuest", Level = 1, QuestPos = CFrame.new(-4839.53027, 716.368591, -2619.44165, 0.866007268, 0, 0.500031412, 0, 1, 0, -0.500031412, 0, 0.866007268), MobPos = CFrame.new(-4953.20703125, 295.74420166015625, -2899.22900390625) },
    ["Dark Master"] = { Name = "SkyQuest", Level = 2, QuestPos = CFrame.new(-4839.53027, 716.368591, -2619.44165, 0.866007268, 0, 0.500031412, 0, 1, 0, -0.500031412, 0, 0.866007268), MobPos = CFrame.new(-5259.8447265625, 391.3976745605469, -2229.035400390625) },
    ["Prisoner"] = { Name = "PrisonerQuest", Level = 1, QuestPos = CFrame.new(5308.93115, 1.65517521, 475.120514, -0.0894274712, -5.00292918e-09, -0.995993316, 1.60817859e-09, 1, -5.16744869e-09, 0.995993316, -2.06384709e-09, -0.0894274712), MobPos = CFrame.new(5098.9736328125, -0.3204058110713959, 474.2373352050781) },
    ["Dangerous Prisoner"] = { Name = "PrisonerQuest", Level = 2, QuestPos = CFrame.new(5308.93115, 1.65517521, 475.120514, -0.0894274712, -5.00292918e-09, -0.995993316, 1.60817859e-09, 1, -5.16744869e-09, 0.995993316, -2.06384709e-09, -0.0894274712), MobPos = CFrame.new(5654.5634765625, 15.633401870727539, 866.2991943359375) },
    ["Toga Warrior"] = { Name = "ColosseumQuest", Level = 1, QuestPos = CFrame.new(-1580.04663, 6.35000277, -2986.47534, -0.515037298, 0, -0.857167721, 0, 1, 0, 0.857167721, 0, -0.515037298), MobPos = CFrame.new(-1820.21484375, 51.68385696411133, -2740.6650390625) },
    ["Gladiator"] = { Name = "ColosseumQuest", Level = 2, QuestPos = CFrame.new(-1580.04663, 6.35000277, -2986.47534, -0.515037298, 0, -0.857167721, 0, 1, 0, 0.857167721, 0, -0.515037298), MobPos = CFrame.new(-1292.838134765625, 56.380882263183594, -3339.031494140625) },
    ["Military Soldier"] = { Name = "MagmaQuest", Level = 1, QuestPos = CFrame.new(-5313.37012, 10.9500084, 8515.29395, -0.499959469, 0, 0.866048813, 0, 1, 0, -0.866048813, 0, -0.499959469), MobPos = CFrame.new(-5411.16455078125, 11.081554412841797, 8454.29296875) },
    ["Military Spy"] = { Name = "MagmaQuest", Level = 2, QuestPos = CFrame.new(-5313.37012, 10.9500084, 8515.29395, -0.499959469, 0, 0.866048813, 0, 1, 0, -0.866048813, 0, -0.499959469), MobPos = CFrame.new(-5802.8681640625, 86.26241302490234, 8828.859375) },
    ["Fishman Warrior"] = { Name = "FishmanQuest", Level = 1, QuestPos = CFrame.new(61122.65234375, 18.497442245483, 1569.3997802734), MobPos = CFrame.new(60878.30078125, 18.482830047607422, 1543.7574462890625) },
    ["Fishman Commando"] = { Name = "FishmanQuest", Level = 2, QuestPos = CFrame.new(61122.65234375, 18.497442245483, 1569.3997802734), MobPos = CFrame.new(61922.6328125, 18.482830047607422, 1493.934326171875) },
    ["God's Guard"] = { Name = "SkyExp1Quest", Level = 1, QuestPos = CFrame.new(-4721.88867, 843.874695, -1949.96643, 0.996191859, -0, -0.0871884301, 0, 1, -0, 0.0871884301, 0, 0.996191859), MobPos = CFrame.new(-4710.04296875, 845.2769775390625, -1927.3079833984375) },
    ["Shanda"] = { Name = "SkyExp1Quest", Level = 2, QuestPos = CFrame.new(-7859.09814, 5544.19043, -381.476196, -0.422592998, 0, 0.906319618, 0, 1, 0, -0.906319618, 0, -0.422592998), MobPos = CFrame.new(-7678.48974609375, 5566.40380859375, -497.2156066894531) },
    ["Royal Squad"] = { Name = "SkyExp2Quest", Level = 1, QuestPos = CFrame.new(-7906.81592, 5634.6626, -1411.99194, 0, 0, -1, 0, 1, 0, 1, 0, 0), MobPos = CFrame.new(-7624.25244140625, 5658.13330078125, -1467.354248046875) },
    ["Royal Soldier"] = { Name = "SkyExp2Quest", Level = 2, QuestPos = CFrame.new(-7906.81592, 5634.6626, -1411.99194, 0, 0, -1, 0, 1, 0, 1, 0, 0), MobPos = CFrame.new(-7836.75341796875, 5645.6640625, -1790.6236572265625) },
    ["Galley Pirate"] = { Name = "FountainQuest", Level = 1, QuestPos = CFrame.new(5259.81982, 37.3500175, 4050.0293, 0.087131381, 0, 0.996196866, 0, 1, 0, -0.996196866, 0, 0.087131381), MobPos = CFrame.new(5551.02197265625, 78.90135192871094, 3930.412841796875) },
    ["Galley Captain"] = { Name = "FountainQuest", Level = 2, QuestPos = CFrame.new(5259.81982, 37.3500175, 4050.0293, 0.087131381, 0, 0.996196866, 0, 1, 0, -0.996196866, 0, 0.087131381), MobPos = CFrame.new(5441.95166015625, 42.50205993652344, 4950.09375) },
        -- World 2
    ["Raider"] = { Name = "Area1Quest", Level = 1, QuestPos = CFrame.new(-429.543518, 71.7699966, 1836.18188, -0.22495985, 0, -0.974368095, 0, 1, 0, 0.974368095, 0, -0.22495985), MobPos = CFrame.new(-728.3267211914062, 52.779319763183594, 2345.7705078125) },
    ["Mercenary"] = { Name = "Area1Quest", Level = 2, QuestPos = CFrame.new(-429.543518, 71.7699966, 1836.18188, -0.22495985, 0, -0.974368095, 0, 1, 0, 0.974368095, 0, -0.22495985), MobPos = CFrame.new(-1004.3244018554688, 80.15886688232422, 1424.619384765625) },
    ["Swan Pirate"] = { Name = "Area2Quest", Level = 1, QuestPos = CFrame.new(638.43811, 71.769989, 918.282898, 0.139203906, 0, 0.99026376, 0, 1, 0, -0.99026376, 0, 0.139203906), MobPos = CFrame.new(1068.664306640625, 137.61428833007812, 1322.1060791015625) },
    ["Factory Staff"] = { Name = "Area2Quest", Level = 2, QuestPos = CFrame.new(632.698608, 73.1055908, 918.666321, -0.0319722369, 8.96074881e-10, -0.999488771, 1.36326533e-10, 1, 8.92172336e-10, 0.999488771, -1.07732087e-10, -0.0319722369), MobPos = CFrame.new(73.07867431640625, 81.86344146728516, -27.470672607421875) },
    ["Marine Lieutenant"] = { Name = "MarineQuest3", Level = 1, QuestPos = CFrame.new(-2440.79639, 71.7140732, -3216.06812, 0.866007268, 0, 0.500031412, 0, 1, 0, -0.500031412, 0, 0.866007268), MobPos = CFrame.new(-2821.372314453125, 75.89727783203125, -3070.089111328125) },
    ["Marine Captain"] = { Name = "MarineQuest3", Level = 2, QuestPos = CFrame.new(-2440.79639, 71.7140732, -3216.06812, 0.866007268, 0, 0.500031412, 0, 1, 0, -0.500031412, 0, 0.866007268), MobPos = CFrame.new(-1861.2310791015625, 80.17658233642578, -3254.697509765625) },
    ["Zombie"] = { Name = "ZombieQuest", Level = 1, QuestPos = CFrame.new(-5497.06152, 47.5923004, -795.237061, -0.29242146, 0, -0.95628953, 0, 1, 0, 0.95628953, 0, -0.29242146), MobPos = CFrame.new(-5657.77685546875, 78.96973419189453, -928.68701171875) },
    ["Vampire"] = { Name = "ZombieQuest", Level = 2, QuestPos = CFrame.new(-5497.06152, 47.5923004, -795.237061, -0.29242146, 0, -0.95628953, 0, 1, 0, 0.95628953, 0, -0.29242146), MobPos = CFrame.new(-6037.66796875, 32.18463897705078, -1340.6597900390625) },
    ["Snow Trooper"] = { Name = "SnowMountainQuest", Level = 1, QuestPos = CFrame.new(607, 401, -5371), MobPos = CFrame.new(445, 440, -5175) },
    ["Winter Warrior"] = { Name = "SnowMountainQuest", Level = 2, QuestPos = CFrame.new(607, 401, -5371), MobPos = CFrame.new(1224, 460, -5332) },
    ["Lab Subordinate"] = { Name = "IceSideQuest", Level = 1, QuestPos = CFrame.new(-6061, 16, -4904), MobPos = CFrame.new(-5941, 50, -4322) },
    ["Horned Warrior"] = { Name = "IceSideQuest", Level = 2, QuestPos = CFrame.new(-6061, 16, -4904), MobPos = CFrame.new(-6306, 50, -5752) },
    ["Magma Ninja"] = { Name = "FireSideQuest", Level = 1, QuestPos = CFrame.new(-5430, 16, -5298), MobPos = CFrame.new(-5233, 60, -6227) },
    ["Lava Pirate"] = { Name = "FireSideQuest", Level = 2, QuestPos = CFrame.new(-5430, 16, -5298), MobPos = CFrame.new(-4955, 60, -4836) },
    ["Ship Deckhand"] = { Name = "ShipQuest1", Level = 1, QuestPos = CFrame.new(1037.80127, 125.092171, 32911.6016), MobPos = CFrame.new(1212.0111083984375, 150.79205322265625, 33059.24609375) },
    ["Ship Engineer"] = { Name = "ShipQuest1", Level = 2, QuestPos = CFrame.new(1037, 125, 32911), MobPos = CFrame.new(919, 43, 32779), EntrancePos = Vector3.new(923.21, 126.97, 32852.83) },
    ["Ship Steward"] = { Name = "ShipQuest2", Level = 1, QuestPos = CFrame.new(968, 125, 33244), MobPos = CFrame.new(919, 129, 33436), EntrancePos = Vector3.new(923.21, 126.97, 32852.83) },
    ["Ship Officer"] = { Name = "ShipQuest2", Level = 2, QuestPos = CFrame.new(968, 125, 33244), MobPos = CFrame.new(1036, 181, 33315), EntrancePos = Vector3.new(923.21, 126.97, 32852.83) },
    ["Arctic Warrior"] = { Name = "FrostQuest", Level = 1, QuestPos = CFrame.new(5667.6582, 26.7997818, -6486.08984, -0.933587909, 0, -0.358349502, 0, 1, 0, 0.358349502, 0, -0.933587909), MobPos = CFrame.new(5966.24609375, 62.97002029418945, -6179.3828125) },
    ["Snow Lurker"] = { Name = "FrostQuest", Level = 2, QuestPos = CFrame.new(5667.6582, 26.7997818, -6486.08984, -0.933587909, 0, -0.358349502, 0, 1, 0, 0.358349502, 0, -0.933587909), MobPos = CFrame.new(5407.07373046875, 69.19437408447266, -6880.88037109375) },
    ["Sea Soldier"] = { Name = "ForgottenQuest", Level = 1, QuestPos = CFrame.new(-3054.44458, 235.544281, -10142.8193, 0.990270376, -0, -0.13915664, 0, 1, -0, 0.13915664, 0, 0.990270376), MobPos = CFrame.new(-3028.2236328125, 64.67451477050781, -9775.4267578125) },
    ["Water Fighter"] = { Name = "ForgottenQuest", Level = 2, QuestPos = CFrame.new(-3054, 240, -10146), MobPos = CFrame.new(-3291, 252, -10501) },
        -- World 3
    ["Pirate Millionaire"] = { Name = "PiratePortQuest", Level = 1, QuestPos = CFrame.new(-290.074677, 42.9034653, 5581.58984, 0.965929627, -0, -0.258804798, 0, 1, -0, 0.258804798, 0, 0.965929627), MobPos = CFrame.new(-245.9963836669922, 47.30615234375, 5584.1005859375) },
    ["Pistol Billionaire"] = { Name = "PiratePortQuest", Level = 2, QuestPos = CFrame.new(-290.074677, 42.9034653, 5581.58984, 0.965929627, -0, -0.258804798, 0, 1, -0, 0.258804798, 0, 0.965929627), MobPos = CFrame.new(-187.3301544189453, 86.23987579345703, 6013.513671875) },
    ["Dragon Crew Warrior"] = { Name = "DragonCrewQuest", Level = 1, QuestPos = CFrame.new(6738.96142578125, 127.81645965576172, -713.511474609375), MobPos = CFrame.new(6920.71435546875, 56.15597152709961, -942.5044555664062) },
    ["Dragon Crew Archer"] = { Name = "DragonCrewQuest", Level = 2, QuestPos = CFrame.new(6738.96142578125, 127.81645965576172, -713.511474609375), MobPos = CFrame.new(6817.91259765625, 484.804443359375, 513.4141235351562) },
    ["Hydra Enforcer"] = { Name = "VenomCrewQuest", Level = 1, QuestPos = CFrame.new(5213.8740234375, 1004.5042724609375, 758.6944580078125), MobPos = CFrame.new(4584.69287109375, 1002.6435546875, 705.7958984375) },
    ["Venomous Assailant"] = { Name = "VenomCrewQuest", Level = 2, QuestPos = CFrame.new(5213.8740234375, 1004.5042724609375, 758.6944580078125), MobPos = CFrame.new(4638.78564453125, 1078.94091796875, 881.8002319335938) },
    ["Marine Commodore"] = { Name = "MarineTreeIsland", Level = 1, QuestPos = CFrame.new(2180.54126, 27.8156815, -6741.5498, -0.965929747, 0, 0.258804798, 0, 1, 0, -0.258804798, 0, -0.965929747), MobPos = CFrame.new(2286.0078125, 73.13391876220703, -7159.80908203125) },
    ["Marine Rear Admiral"] = { Name = "MarineTreeIsland", Level = 2, QuestPos = CFrame.new(2179.98828125, 28.731239318848, -6740.0551757813), MobPos = CFrame.new(3656.773681640625, 160.52406311035156, -7001.5986328125) },
    ["Fishman Raider"] = { Name = "DeepForestIsland3", Level = 1, QuestPos = CFrame.new(-10581.6563, 330.872955, -8761.18652, -0.882952213, 0, 0.469463557, 0, 1, 0, -0.469463557, 0, -0.882952213), MobPos = CFrame.new(-10407.5263671875, 331.76263427734375, -8368.5166015625) },
    ["Fishman Captain"] = { Name = "DeepForestIsland3", Level = 2, QuestPos = CFrame.new(-10581.6563, 330.872955, -8761.18652, -0.882952213, 0, 0.469463557, 0, 1, 0, -0.469463557, 0, -0.882952213), MobPos = CFrame.new(-10994.701171875, 352.38140869140625, -9002.1103515625) },
    ["Forest Pirate"] = { Name = "DeepForestIsland", Level = 1, QuestPos = CFrame.new(-13234.04, 331.488495, -7625.40137, 0.707134247, -0, -0.707079291, 0, 1, -0, 0.707079291, 0, 0.707134247), MobPos = CFrame.new(-13274.478515625, 332.3781433105469, -7769.58056640625) },
    ["Mythological Pirate"] = { Name = "DeepForestIsland", Level = 2, QuestPos = CFrame.new(-13234.04, 331.488495, -7625.40137, 0.707134247, -0, -0.707079291, 0, 1, -0, 0.707079291, 0, 0.707134247), MobPos = CFrame.new(-13680.607421875, 501.08154296875, -6991.189453125) },
    ["Jungle Pirate"] = { Name = "DeepForestIsland2", Level = 1, QuestPos = CFrame.new(-12680.3818, 389.971039, -9902.01953, -0.0871315002, 0, 0.996196866, 0, 1, 0, -0.996196866, 0, -0.0871315002), MobPos = CFrame.new(-12256.16015625, 331.73828125, -10485.8369140625) },
    ["Musketeer Pirate"] = { Name = "DeepForestIsland2", Level = 2, QuestPos = CFrame.new(-12680.3818, 389.971039, -9902.01953, -0.0871315002, 0, 0.996196866, 0, 1, 0, -0.996196866, 0, -0.0871315002), MobPos = CFrame.new(-13457.904296875, 391.545654296875, -9859.177734375) },
    ["Reborn Skeleton"] = { Name = "HauntedQuest1", Level = 1, QuestPos = CFrame.new(-9479.2168, 141.215088, 5566.09277, 0, 0, 1, 0, 1, -0, -1, 0, 0), MobPos = CFrame.new(-8763.7236328125, 165.72299194335938, 6159.86181640625) },
    ["Living Zombie"] = { Name = "HauntedQuest1", Level = 2, QuestPos = CFrame.new(-9479.2168, 141.215088, 5566.09277, 0, 0, 1, 0, 1, -0, -1, 0, 0), MobPos = CFrame.new(-10144.1318359375, 138.62667846679688, 5838.0888671875) },
    ["Demonic Soul"] = { Name = "HauntedQuest2", Level = 1, QuestPos = CFrame.new(-9516.99316, 172.017181, 6078.46533, 0, 0, -1, 0, 1, 0, 1, 0, 0), MobPos = CFrame.new(-9505.8720703125, 172.10482788085938, 6158.9931640625) },
    ["Posessed Mummy"] = { Name = "HauntedQuest2", Level = 2, QuestPos = CFrame.new(-9516.99316, 172.017181, 6078.46533, 0, 0, -1, 0, 1, 0, 1, 0, 0), MobPos = CFrame.new(-9582.0224609375, 6.251527309417725, 6205.478515625) },
    ["Peanut Scout"] = { Name = "NutsIslandQuest", Level = 1, QuestPos = CFrame.new(-2104.3908691406, 38.104167938232, -10194.21875, 0, 0, -1, 0, 1, 0, 1, 0, 0), MobPos = CFrame.new(-2143.241943359375, 47.72198486328125, -10029.9951171875) },
    ["Peanut President"] = { Name = "NutsIslandQuest", Level = 2, QuestPos = CFrame.new(-2104.3908691406, 38.104167938232, -10194.21875, 0, 0, -1, 0, 1, 0, 1, 0, 0), MobPos = CFrame.new(-1859.35400390625, 38.10316848754883, -10422.4296875) },
    ["Ice Cream Chef"] = { Name = "IceCreamIslandQuest", Level = 1, QuestPos = CFrame.new(-820.64825439453, 65.819526672363, -10965.795898438, 0, 0, -1, 0, 1, 0, 1, 0, 0), MobPos = CFrame.new(-872.24658203125, 65.81957244873047, -10919.95703125) },
    ["Ice Cream Commander"] = { Name = "IceCreamIslandQuest", Level = 2, QuestPos = CFrame.new(-820.64825439453, 65.819526672363, -10965.795898438, 0, 0, -1, 0, 1, 0, 1, 0, 0), MobPos = CFrame.new(-558.06103515625, 112.04895782470703, -11290.7744140625) },
    ["Cookie Crafter"] = { Name = "CakeQuest1", Level = 1, QuestPos = CFrame.new(-2021.32007, 37.7982254, -12028.7295, 0.957576931, -8.80302053e-08, 0.288177818, 6.9301187e-08, 1, 7.51931211e-08, -0.288177818, -5.2032135e-08, 0.957576931), MobPos = CFrame.new(-2374.13671875, 37.79826354980469, -12125.30859375) },
    ["Cake Guard"] = { Name = "CakeQuest1", Level = 2, QuestPos = CFrame.new(-2021.32007, 37.7982254, -12028.7295, 0.957576931, -8.80302053e-08, 0.288177818, 6.9301187e-08, 1, 7.51931211e-08, -0.288177818, -5.2032135e-08, 0.957576931), MobPos = CFrame.new(-1598.3070068359375, 43.773197174072266, -12244.5810546875) },
    ["Baking Staff"] = { Name = "CakeQuest2", Level = 1, QuestPos = CFrame.new(-1927.91602, 37.7981339, -12842.5391, -0.96804446, 4.22142143e-08, 0.250778586, 4.74911062e-08, 1, 1.49904711e-08, -0.250778586, 2.64211941e-08, -0.96804446), MobPos = CFrame.new(-1887.8099365234375, 77.6185073852539, -12998.3505859375) },
    ["Head Baker"] = { Name = "CakeQuest2", Level = 2, QuestPos = CFrame.new(-1927.91602, 37.7981339, -12842.5391, -0.96804446, 4.22142143e-08, 0.250778586, 4.74911062e-08, 1, 1.49904711e-08, -0.250778586, 2.64211941e-08, -0.96804446), MobPos = CFrame.new(-2216.188232421875, 82.884521484375, -12869.2939453125) },
    ["Cocoa Warrior"] = { Name = "ChocQuest1", Level = 1, QuestPos = CFrame.new(233.22836303710938, 29.876001358032227, -12201.2333984375), MobPos = CFrame.new(-21.55328369140625, 80.57499694824219, -12352.3876953125) },
    ["Chocolate Bar Battler"] = { Name = "ChocQuest1", Level = 2, QuestPos = CFrame.new(233.22836303710938, 29.876001358032227, -12201.2333984375), MobPos = CFrame.new(582.590576171875, 77.18809509277344, -12463.162109375) },
    ["Sweet Thief"] = { Name = "ChocQuest2", Level = 1, QuestPos = CFrame.new(150.5066375732422, 30.693693161010742, -12774.5029296875), MobPos = CFrame.new(165.1884765625, 76.05885314941406, -12600.8369140625) },
    ["Candy Rebel"] = { Name = "ChocQuest2", Level = 2, QuestPos = CFrame.new(150.5066375732422, 30.693693161010742, -12774.5029296875), MobPos = CFrame.new(134.86563110351562, 77.2476806640625, -12876.5478515625) },
    ["Candy Pirate"] = { Name = "CandyQuest1", Level = 1, QuestPos = CFrame.new(-1150.0400390625, 20.378934860229492, -14446.3349609375), MobPos = CFrame.new(-1310.5003662109375, 26.016523361206055, -14562.404296875) },
    ["Snow Demon"] = { Name = "CandyQuest1", Level = 2, QuestPos = CFrame.new(-1150.0400390625, 20.378934860229492, -14446.3349609375), MobPos = CFrame.new(-880.2006225585938, 71.24776458740234, -14538.609375) },
    ["Isle Outlaw"] = { Name = "TikiQuest1", Level = 1, QuestPos = CFrame.new(-16547.748046875, 61.13533401489258, -173.41360473632812), MobPos = CFrame.new(-16442.814453125, 116.13899993896484, -264.4637756347656) },
    ["Island Boy"] = { Name = "TikiQuest1", Level = 2, QuestPos = CFrame.new(-16547.748046875, 61.13533401489258, -173.41360473632812), MobPos = CFrame.new(-16901.26171875, 84.06756591796875, -192.88906860351562) },
    ["Isle Champion"] = { Name = "TikiQuest2", Level = 2, QuestPos = CFrame.new(-16539.078125, 55.68632888793945, 1051.5738525390625), MobPos = CFrame.new(-16641.6796875, 235.7825469970703, 1031.282958984375) },
    ["Serpent Hunter"] = { Name = "TikiQuest3", Level = 1, QuestPos = CFrame.new(-16665.1914, 104.596405, 1579.69434, 0.951068401, -0, -0.308980465, 0, 1, -0, 0.308980465, 0, 0.951068401), MobPos = CFrame.new(-16521.0625, 106.09285, 1488.78467, 0.469467044, 0, 0.882950008, 0, 1, 0, -0.882950008, 0, 0.469467044) },
    ["Skull Slayer"] = { Name = "TikiQuest3", Level = 2, QuestPos = CFrame.new(-16665.1914, 104.596405, 1579.69434, 0.951068401, -0, -0.308980465, 0, 1, -0, 0.308980465, 0, 0.951068401), MobPos = CFrame.new(-16887.7305, 113.074638, 1629.97778, -0.559032857, 1.2313353e-08, -0.829145491, 1.05618814e-09, 1, 1.41385428e-08, 0.829145491, 7.02817626e-09, -0.559032857) },
